300,0|
301,1|
302,2|
302,2|
303,3|
304,4|
305,5|
306,6|
306,6|
307,7|
308,8|
309,9|
310,10|
310,10|
311,11|
312,12|
313,13|
314,14|
314,14|
315,15|
316,16|
317,17|
318,18|
318,18|
319,19|
320,20|
321,21|
322,22|
322,22|
323,23|
324,24|
325,25|
326,26|
326,26|
327,27|
328,28|
329,29|
330,30|
330,30|
331,31|
332,32|
333,33|
334,34|
334,34|
335,35|
336,36|
337,37|
338,38|
338,38|
339,39|
340,40|
341,41|
342,42|
342,42|
343,43|
344,44|
345,45|
346,46|
346,46|
347,47|
348,48|
349,49|
350,50|
350,50|
351,51|
352,52|
353,53|
354,54|
354,54|
355,55|
356,56|
357,57|
358,58|
358,58|
359,59|
360,60|
1,61|
2,62|
2,62|
3,63|
4,64|
5,65|
6,66|
6,66|
7,67|
8,68|
9,69|
10,70|
10,70|
11,71|
12,72|
13,73|
14,74|
14,74|
15,75|
16,76|
17,77|
18,78|
18,78|
19,79|
20,80|
21,81|
22,82|
22,82|
23,83|
24,84|
25,85|
26,86|
26,86|
27,87|
28,88|
29,89|
30,90|
30,90|
31,91|
32,92|
33,93|
34,94|
34,94|
35,95|
36,96|
37,97|
38,98|
38,98|
39,103|
40,108|
41,113|
42,118|
42,122|
43,127|
44,132|
45,137|
46,142|
46,146|
47,151|
48,156|
49,161|
50,166|
50,170|
51,175|
52,180|
53,185|
54,190|
54,194|
55,199|
56,204|
57,209|
58,214|
58,218|
59,223|
64,228|
69,233|
74,238|
78,242|
83,247|
88,252|
93,257|
98,262|
102,266|
107,271|
112,276|
117,281|
122,286|
126,290|
131,295|
136,300|
141,305|
146,310|
150,314|
155,319|
160,324|
165,329|
170,334|
174,338|
179,339|
184,340|
189,341|
194,342|
198,342|
203,343|
208,344|
213,345|
218,346|
222,346|
227,347|
232,348|
237,349|
242,350|
246,350|
251,351|
256,352|
261,353|
266,354|
270,354|
275,355|
280,356|
285,357|
290,358|
294,358|
299,359|