0,20|
6,26|
13,33|
20,40|
27,47|
36,54|
44,61|
53,67|
62,74|
71,81|
79,88|
88,95|
97,102|
106,108|
114,115|
123,122|
132,129|
140,136|
149,143|
158,149|
167,156|
175,163|
184,170|
193,177|
202,184|
209,191|
215,197|
222,204|
229,211|
236,218|
243,225|
250,232|
256,238|
263,245|
270,252|
277,259|
284,266|
291,273|
297,279|
304,286|
311,293|
318,300|
325,307|
332,314|
338,320|
345,327|
352,334|
359,341|
6,348|
13,355|
19,1|
26,8|
33,15|
40,22|
47,29|
54,36|
61,43|
67,49|
74,56|
81,65|
88,74|
95,82|
102,91|
108,100|
115,109|
122,117|
129,126|
136,135|
143,144|
149,152|
156,161|
163,170|
170,179|
177,187|
184,196|
190,205|
197,214|
204,222|
211,231|
218,238|
225,245|
232,252|
238,258|
245,265|
252,272|
259,279|
266,286|
273,293|
279,299|
286,306|
293,313|
300,320|
307,327|
314,334|
320,340|
327,347|
334,354|
341,1|
348,8|
355,15|
2,22|
8,28|
15,35|
22,42|
29,49|
36,56|
43,63|
49,69|
56,76|
65,83|
74,90|
82,97|
91,104|
100,110|
109,117|
117,124|
126,131|
135,138|
144,145|
152,151|
161,158|
170,165|
179,172|
187,179|
196,186|
205,193|
214,199|
222,206|
231,213|
238,220|
245,227|
252,234|
258,240|
265,247|
272,254|
279,261|
286,268|
293,275|
299,281|
306,288|
313,295|
320,302|
327,309|
334,316|
340,322|
347,329|
354,336|
1,343|
8,350|
15,357|
22,4|
28,10|
35,17|
42,24|
49,31|
56,38|
63,45|
69,51|
76,58|
83,65|
90,72|
97,79|
104,86|
110,94|
117,103|
124,112|
131,121|
138,129|
145,138|
151,147|
158,156|
165,164|
172,173|
179,182|
186,190|
192,199|
199,208|
206,217|
213,225|
220,234|
227,243|
234,252|
240,260|
247,267|
254,274|
261,281|
268,288|
275,295|
281,301|
288,308|
295,315|
302,322|
309,329|
316,336|
322,342|
329,349|
336,356|
343,3|
350,10|
357,17|
3,23|
10,30|
17,37|
24,44|
31,51|
38,58|
45,65|
51,71|
58,78|
65,85|
72,92|
79,99|
86,106|
92,112|
101,119|
110,126|
119,133|
127,140|
136,147|
145,153|
154,160|
162,167|
171,174|
180,181|
189,188|
197,194|
206,201|
215,208|
224,215|
232,222|
241,229|
250,236|
258,242|
267,249|
274,256|
281,263|
288,270|
295,277|
301,283|
308,290|
315,297|
322,304|
329,311|
336,318|
342,324|
349,331|
356,338|
3,345|
10,352|
17,359|
23,5|
30,12|
37,19|
44,26|
51,33|
58,40|
65,47|
71,53|
78,60|
85,67|
92,74|
99,81|
106,88|
112,94|
119,101|
126,108|
133,115|
140,122|
147,131|
153,139|
160,148|
167,157|
174,165|
181,174|
188,183|
194,192|
201,200|
208,209|
215,218|
222,227|
229,235|
236,244|
242,253|
249,262|
256,270|
263,279|
270,288|
277,297|
283,303|
290,310|
297,317|
304,324|
311,331|
318,338|
324,344|
331,351|
338,358|
345,5|
352,12|
359,19|
5,25|
12,32|
19,39|
26,46|
33,53|
40,60|
47,67|
53,73|
60,80|
67,87|
74,94|
81,101|
88,108|
94,114|
101,121|
108,128|
115,135|
122,142|
131,149|
139,155|
148,162|
157,169|
165,176|
174,183|
183,190|
192,196|
200,203|
209,210|
218,217|
227,224|
235,231|
244,238|
253,244|
262,251|
270,258|
279,265|
288,272|
297,279|
303,285|
310,292|
317,299|
324,306|
331,313|
338,320|
344,326|
351,333|
358,340|
5,347|
12,354|
19,1|
25,8|
32,14|
39,21|
46,28|
53,35|
60,42|
67,49|
73,55|
80,62|
87,69|
94,76|
101,83|
108,90|
114,96|
121,103|
128,110|
135,117|
142,124|
149,131|
155,137|
162,144|
169,151|
176,160|
183,169|
190,177|
196,186|
203,195|
210,204|
217,212|
224,221|
231,230|
238,239|
244,247|
251,256|
258,265|
265,274|
272,282|
279,291|
285,300|
292,308|
299,317|
306,326|
313,333|
320,340|
326,346|
333,353|
340,0|
347,7|
354,14|
1,21|
8,28|
14,34|
21,41|
28,48|
35,55|
42,62|
49,69|
55,75|
62,82|
69,89|
76,96|
83,103|
90,110|
96,116|
103,123|
110,130|
117,137|
124,144|
131,151|
137,157|
144,164|
151,171|
160,178|
169,185|
177,192|
186,199|
195,205|
204,212|
212,219|
221,226|
230,233|
239,240|
247,246|
256,253|
265,260|
274,267|
282,274|
291,281|
300,287|
308,294|
317,301|
326,308|
333,315|
340,322|
346,328|
353,335|
0,342|
7,349|
14,356|
21,3|
28,10|
34,16|
41,23|
48,30|
55,37|
62,44|
69,51|
75,57|
82,64|
89,71|
96,78|
103,85|
110,92|
116,98|
123,105|
130,112|
137,119|
144,126|
151,133|
157,139|
164,146|
171,153|
178,162|
185,171|
192,179|
199,188|
205,197|
212,206|
219,214|
226,223|
233,232|
240,241|
246,249|
253,258|
260,267|
267,276|
274,284|
281,293|
287,302|
294,310|
301,319|
308,328|
315,335|
322,342|
328,348|
335,355|
342,2|
349,9|
356,16|
3,23|
10,30|
16,36|
23,43|
30,50|
37,57|
44,64|
51,71|
57,77|
64,84|
71,91|
78,98|
85,105|
92,112|
98,118|
105,125|
112,132|
119,139|
126,146|
135,153|
143,159|
152,166|
161,173|
169,180|
178,187|
187,194|
196,201|
204,207|
213,214|
222,221|
231,228|
239,235|
248,242|
257,248|
266,255|
274,262|
283,269|
292,276|
301,283|
307,289|
314,296|
321,303|
328,310|
335,317|
342,324|
348,330|
355,337|
2,344|
9,351|
16,358|
23,5|
30,12|
36,18|
43,25|
50,32|
57,39|
64,46|
71,53|
77,59|
84,66|
91,73|
98,80|
105,87|
112,94|
118,100|
125,107|
132,114|
139,121|
146,130|
153,138|
159,147|
166,156|
173,165|
180,173|
187,182|
194,191|
201,200|
207,208|
214,217|
221,226|
228,235|
235,243|
242,252|
248,261|
255,270|
262,278|
269,287|
276,296|
283,303|
289,309|
296,316|
303,323|
310,330|
317,337|
324,344|
330,350|
337,357|
344,4|
351,11|
358,18|
5,25|
12,32|
18,38|
25,45|
32,52|
39,59|
46,66|
53,73|
59,79|
66,86|
73,93|
80,100|
87,107|
94,114|
102,120|
111,127|
120,134|
129,141|
137,148|
146,155|
155,161|
164,168|
172,175|
181,182|
190,189|
198,196|
207,203|
216,209|
225,216|
233,223|
242,230|
251,237|
260,244|
268,250|
275,257|
282,264|
289,271|
296,278|
303,285|
309,291|
316,298|
323,305|
330,312|
337,319|
344,326|
350,332|
357,339|
4,346|
11,353|
18,0|
25,7|
32,14|
38,20|
45,27|
52,34|
59,41|
66,48|
73,55|
79,61|
86,68|
93,75|
100,82|
107,91|
114,99|
120,108|
127,117|
134,126|
141,134|
148,143|
155,152|
161,161|
168,169|
175,178|
182,187|
189,196|
196,204|
203,213|
209,222|
216,230|
223,239|
230,248|
237,257|
244,264|
250,270|
257,277|
264,284|
271,291|
278,298|
285,305|
291,311|
298,318|
305,325|
312,332|
319,339|
326,346|
332,352|
339,359|
346,6|
353,13|
0,20|
7,27|
14,34|
20,40|
27,47|
34,54|
41,61|
48,68|
55,75|
63,81|
72,88|
81,95|
90,102|
98,109|
107,116|
116,122|
124,129|
133,136|
142,143|
151,150|
159,157|
168,163|
177,170|
186,177|
194,184|
203,191|
212,198|
221,205|
229,211|
236,218|
243,225|
250,232|
257,239|
264,246|
270,252|
277,259|
284,266|
291,273|
298,280|
305,287|
311,293|
318,300|
325,307|
332,314|
339,321|
346,328|
352,334|
359,341|
6,348|
13,355|
20,2|
27,9|
34,16|
40,22|
47,29|
54,36|
61,43|
68,50|
75,57|
81,65|
88,74|
95,83|
102,92|
109,100|
116,109|
122,118|
129,126|
136,135|
143,144|
150,153|
157,161|
163,170|
170,179|
177,188|
184,196|
191,205|
198,214|
205,223|
211,231|
218,238|
225,245|
232,252|
239,259|
246,266|
252,272|
259,279|
266,286|
273,293|
280,300|
287,307|
293,313|
300,320|
307,327|
314,334|
321,341|
328,348|
334,354|
341,1|
348,8|
355,15|