0,20,0,0|
6,26,0,0|
13,33,0,0|
20,40,0,0|
27,47,0,0|
36,54,0,0|
44,61,0,0|
53,67,0,0|
62,74,0,0|
71,81,0,0|
79,88,0,0|
88,95,0,0|
97,102,0,0|
106,108,0,0|
114,115,0,0|
123,122,1,1|
132,129,0,0|
140,136,0,0|
149,143,0,0|
158,149,0,0|
167,156,0,0|
175,163,0,0|
184,170,0,0|
193,177,0,0|
202,184,0,0|
209,191,0,0|
215,197,0,0|
222,204,0,0|
229,211,0,0|
236,218,0,0|
243,225,0,0|
250,232,0,0|
256,238,0,0|
263,245,0,0|
270,252,0,0|
277,259,0,0|
284,266,0,0|
291,273,0,0|
297,279,0,0|
304,286,0,0|
311,293,0,0|
318,300,0,0|
325,307,0,0|
332,314,0,0|
338,320,0,0|
345,327,0,0|
352,334,0,0|
359,341,0,0|
6,348,0,0|
13,355,0,0|
19,1,0,0|
26,8,0,0|
33,15,0,0|
40,22,0,0|
47,29,0,0|
54,36,0,0|
61,43,0,0|
67,49,0,0|
74,56,0,0|
81,65,0,0|
88,74,0,0|
95,82,0,0|
102,91,0,0|
108,100,0,0|
115,109,0,0|
122,117,0,0|
129,126,0,0|
136,135,1,1|
143,144,0,0|
149,152,0,0|
156,161,0,0|
163,170,0,0|
170,179,0,0|
177,187,0,0|
184,196,0,0|
190,205,0,0|
197,214,0,0|
204,222,0,0|
211,231,0,0|
218,238,0,0|
225,245,0,0|
232,252,0,0|
238,258,0,0|
245,265,0,0|
252,272,0,0|
259,279,0,0|
266,286,0,0|
273,293,0,0|
279,299,0,0|
286,306,0,0|
293,313,0,0|
300,320,0,0|
307,327,0,0|
314,334,0,0|
320,340,0,0|
327,347,0,0|
334,354,0,0|
341,1,0,0|
348,8,0,0|
355,15,0,0|
2,22,0,0|
8,28,0,0|
15,35,0,0|
22,42,0,0|
29,49,0,0|
36,56,0,0|
43,63,0,0|
49,69,0,0|
56,76,0,0|
65,83,0,0|
74,90,0,0|
82,97,0,0|
91,104,0,0|
100,110,0,0|
109,117,0,0|
117,124,0,0|
126,131,0,0|
135,138,0,0|
144,145,0,0|
152,151,1,1|
161,158,0,0|
170,165,0,0|
179,172,0,0|
187,179,0,0|
196,186,0,0|
205,193,0,0|
214,199,0,0|
222,206,0,0|
231,213,0,0|
238,220,0,0|
245,227,0,0|
252,234,0,0|
258,240,0,0|
265,247,0,0|
272,254,0,0|
279,261,0,0|
286,268,0,0|
293,275,0,0|
299,281,0,0|
306,288,0,0|
313,295,0,0|
320,302,0,0|
327,309,0,0|
334,316,0,0|
340,322,0,0|
347,329,0,0|
354,336,0,0|
1,343,0,0|
8,350,0,0|
15,357,0,0|
22,4,0,0|
28,10,0,0|
35,17,0,0|
42,24,0,0|
49,31,0,0|
56,38,0,0|
63,45,0,0|
69,51,0,0|
76,58,0,0|
83,65,0,0|
90,72,0,0|
97,79,0,0|
104,86,0,0|
110,94,0,0|
117,103,0,0|
124,112,0,0|
131,121,0,0|
138,129,0,0|
145,138,0,0|
151,147,0,0|
158,156,0,0|
165,164,1,1|
172,173,0,0|
179,182,0,0|
186,190,0,0|
192,199,0,0|
199,208,0,0|
206,217,0,0|
213,225,0,0|
220,234,0,0|
227,243,0,0|
234,252,0,0|
240,260,0,0|
247,267,0,0|
254,274,0,0|
261,281,0,0|
268,288,0,0|
275,295,0,0|
281,301,0,0|
288,308,0,0|
295,315,0,0|
302,322,0,0|
309,329,0,0|
316,336,0,0|
322,342,0,0|
329,349,0,0|
336,356,0,0|
343,3,0,0|
350,10,0,0|
357,17,0,0|
3,23,0,0|
10,30,0,0|
17,37,0,0|
24,44,0,0|
31,51,0,0|
38,58,0,0|
45,65,0,0|
51,71,0,0|
58,78,0,0|
65,85,0,0|
72,92,0,0|
79,99,0,0|
86,106,0,0|
92,112,0,0|
101,119,0,0|
110,126,0,0|
119,133,0,0|
127,140,0,0|
136,147,0,0|
145,153,0,0|
154,160,0,0|
162,167,0,0|
171,174,0,0|
180,181,0,0|
189,188,1,1|
197,194,0,0|
206,201,0,0|
215,208,0,0|
224,215,0,0|
232,222,0,0|
241,229,0,0|
250,236,0,0|
258,242,0,0|
267,249,0,0|
274,256,0,0|
281,263,0,0|
288,270,0,0|
295,277,0,0|
301,283,0,0|
308,290,0,0|
315,297,0,0|
322,304,0,0|
329,311,0,0|
336,318,0,0|
342,324,0,0|
349,331,0,0|
356,338,0,0|
3,345,0,0|
10,352,0,0|
17,359,0,0|
23,5,0,0|
30,12,0,0|
37,19,0,0|
44,26,0,0|
51,33,0,0|
58,40,0,0|
65,47,0,0|
71,53,0,0|
78,60,0,0|
85,67,0,0|
92,74,0,0|
99,81,0,0|
106,88,0,0|
112,94,0,0|
119,101,0,0|
126,108,0,0|
133,115,0,0|
140,122,0,0|
147,131,0,0|
153,139,0,0|
160,148,0,0|
167,157,0,0|
174,165,0,0|
181,174,0,0|
188,183,0,0|
194,192,0,0|
201,200,1,1|
208,209,0,0|
215,218,0,0|
222,227,0,0|
229,235,0,0|
236,244,0,0|
242,253,0,0|
249,262,0,0|
256,270,0,0|
263,279,0,0|
270,288,0,0|
277,297,0,0|
283,303,0,0|
290,310,0,0|
297,317,0,0|
304,324,0,0|
311,331,0,0|
318,338,0,0|
324,344,0,0|
331,351,0,0|
338,358,0,0|
345,5,0,0|
352,12,0,0|
359,19,0,0|
5,25,0,0|
12,32,0,0|
19,39,0,0|
26,46,0,0|
33,53,0,0|
40,60,0,0|
47,67,0,0|
53,73,0,0|
60,80,0,0|
67,87,0,0|
74,94,0,0|
81,101,0,0|
88,108,0,0|
94,114,0,0|
101,121,0,0|
108,128,0,0|
115,135,0,0|
122,142,0,0|
131,149,0,0|
139,155,0,0|
148,162,0,0|
157,169,0,0|
165,176,0,0|
174,183,0,0|
183,190,0,0|
192,196,0,0|
200,203,0,0|
209,210,0,0|
218,217,1,1|
227,224,0,0|
235,231,0,0|
244,238,0,0|
253,244,0,0|
262,251,0,0|
270,258,0,0|
279,265,0,0|
288,272,0,0|
297,279,0,0|
303,285,0,0|
310,292,0,0|
317,299,0,0|
324,306,0,0|
331,313,0,0|
338,320,0,0|
344,326,0,0|
351,333,0,0|
358,340,0,0|
5,347,0,0|
12,354,0,0|
19,1,0,0|
25,8,0,0|
32,14,0,0|
39,21,0,0|
46,28,0,0|
53,35,0,0|
60,42,0,0|
67,49,0,0|
73,55,0,0|
80,62,0,0|
87,69,0,0|
94,76,0,0|
101,83,0,0|
108,90,0,0|
114,96,0,0|
121,103,0,0|
128,110,0,0|
135,117,0,0|
142,124,0,0|
149,131,0,0|
155,137,0,0|
162,144,0,0|
169,151,0,0|
176,160,0,0|
183,169,0,0|
190,177,0,0|
196,186,0,0|
203,195,0,0|
210,204,0,0|
217,212,0,0|
224,221,0,0|
231,230,1,1|
238,239,0,0|
244,247,0,0|
251,256,0,0|
258,265,0,0|
265,274,0,0|
272,282,0,0|
279,291,0,0|
285,300,0,0|
292,308,0,0|
299,317,0,0|
306,326,0,0|
313,333,0,0|
320,340,0,0|
326,346,0,0|
333,353,0,0|
340,0,0,0|
347,7,0,0|
354,14,0,0|
1,21,0,0|
8,28,0,0|
14,34,0,0|
21,41,0,0|
28,48,0,0|
35,55,0,0|
42,62,0,0|
49,69,0,0|
55,75,0,0|
62,82,0,0|
69,89,0,0|
76,96,0,0|
83,103,0,0|
90,110,0,0|
96,116,0,0|
103,123,0,0|
110,130,0,0|
117,137,0,0|
124,144,0,0|
131,151,0,0|
137,157,0,0|
144,164,0,0|
151,171,0,0|
160,178,0,0|
169,185,0,0|
177,192,0,0|
186,199,0,0|
195,205,0,0|
204,212,0,0|
212,219,0,0|
221,226,0,0|
230,233,0,0|
239,240,0,0|
247,246,1,1|
256,253,0,0|
265,260,0,0|
274,267,0,0|
282,274,0,0|
291,281,0,0|
300,287,0,0|
308,294,0,0|
317,301,0,0|
326,308,0,0|
333,315,0,0|
340,322,0,0|
346,328,0,0|
353,335,0,0|
0,342,0,0|
7,349,0,0|
14,356,0,0|
21,3,0,0|
28,10,0,0|
34,16,0,0|
41,23,0,0|
48,30,0,0|
55,37,0,0|
62,44,0,0|
69,51,0,0|
75,57,0,0|
82,64,0,0|
89,71,0,0|
96,78,0,0|
103,85,0,0|
110,92,0,0|
116,98,0,0|
123,105,0,0|
130,112,0,0|
137,119,0,0|
144,126,0,0|
151,133,0,0|
157,139,0,0|
164,146,0,0|
171,153,0,0|
178,162,0,0|
185,171,0,0|
192,179,0,0|
199,188,0,0|
205,197,0,0|
212,206,0,0|
219,214,0,0|
226,223,0,0|
233,232,1,1|
240,241,0,0|
246,249,0,0|
253,258,0,0|
260,267,0,0|
267,276,0,0|
274,284,0,0|
281,293,0,0|
287,302,0,0|
294,310,0,0|
301,319,0,0|
308,328,0,0|
315,335,0,0|
322,342,0,0|
328,348,0,0|
335,355,0,0|
342,2,0,0|
349,9,0,0|
356,16,0,0|
3,23,0,0|
10,30,0,0|
16,36,0,0|
23,43,0,0|
30,50,0,0|
37,57,0,0|
44,64,0,0|
51,71,0,0|
57,77,0,0|
64,84,0,0|
71,91,0,0|
78,98,0,0|
85,105,0,0|
92,112,0,0|
98,118,0,0|
105,125,0,0|
112,132,0,0|
119,139,0,0|
126,146,0,0|
135,153,0,0|
143,159,0,0|
152,166,0,0|
161,173,0,0|
169,180,0,0|
178,187,0,0|
187,194,0,0|
196,201,0,0|
204,207,0,0|
213,214,0,0|
222,221,1,1|
231,228,0,0|
239,235,0,0|
248,242,0,0|
257,248,0,0|
266,255,0,0|
274,262,0,0|
283,269,0,0|
292,276,0,0|
301,283,0,0|
307,289,0,0|
314,296,0,0|
321,303,0,0|
328,310,0,0|
335,317,0,0|
342,324,0,0|
348,330,0,0|
355,337,0,0|
2,344,0,0|
9,351,0,0|
16,358,0,0|
23,5,0,0|
30,12,0,0|
36,18,0,0|
43,25,0,0|
50,32,0,0|
57,39,0,0|
64,46,0,0|
71,53,0,0|
77,59,0,0|
84,66,0,0|
91,73,0,0|
98,80,0,0|
105,87,0,0|
112,94,0,0|
118,100,0,0|
125,107,0,0|
132,114,0,0|
139,121,0,0|
146,130,0,0|
153,138,0,0|
159,147,0,0|
166,156,0,0|
173,165,0,0|
180,173,0,0|
187,182,0,0|
194,191,0,0|
201,200,1,1|
207,208,0,0|
214,217,0,0|
221,226,0,0|
228,235,0,0|
235,243,0,0|
242,252,0,0|
248,261,0,0|
255,270,0,0|
262,278,0,0|
269,287,0,0|
276,296,0,0|
283,303,0,0|
289,309,0,0|
296,316,0,0|
303,323,0,0|
310,330,0,0|
317,337,0,0|
324,344,0,0|
330,350,0,0|
337,357,0,0|
344,4,0,0|
351,11,0,0|
358,18,0,0|
5,25,0,0|
12,32,0,0|
18,38,0,0|
25,45,0,0|
32,52,0,0|
39,59,0,0|
46,66,0,0|
53,73,0,0|
59,79,0,0|
66,86,0,0|
73,93,0,0|
80,100,0,0|
87,107,0,0|
94,114,0,0|
102,120,0,0|
111,127,0,0|
120,134,0,0|
129,141,0,0|
137,148,0,0|
146,155,0,0|
155,161,0,0|
164,168,0,0|
172,175,0,0|
181,182,0,0|
190,189,1,1|
198,196,0,0|
207,203,0,0|
216,209,0,0|
225,216,0,0|
233,223,0,0|
242,230,0,0|
251,237,0,0|
260,244,0,0|
268,250,0,0|
275,257,0,0|
282,264,0,0|
289,271,0,0|
296,278,0,0|
303,285,0,0|
309,291,0,0|
316,298,0,0|
323,305,0,0|
330,312,0,0|
337,319,0,0|
344,326,0,0|
350,332,0,0|
357,339,0,0|
4,346,0,0|
11,353,0,0|
18,0,0,0|
25,7,0,0|
32,14,0,0|
38,20,0,0|
45,27,0,0|
52,34,0,0|
59,41,0,0|
66,48,0,0|
73,55,0,0|
79,61,0,0|
86,68,0,0|
93,75,0,0|
100,82,0,0|
107,91,0,0|
114,99,0,0|
120,108,0,0|
127,117,0,0|
134,126,0,0|
141,134,0,0|
148,143,0,0|
155,152,0,0|
161,161,1,1|
168,169,0,0|
175,178,0,0|
182,187,0,0|
189,196,0,0|
196,204,0,0|
203,213,0,0|
209,222,0,0|
216,230,0,0|
223,239,0,0|
230,248,0,0|
237,257,0,0|
244,264,0,0|
250,270,0,0|
257,277,0,0|
264,284,0,0|
271,291,0,0|
278,298,0,0|
285,305,0,0|
291,311,0,0|
298,318,0,0|
305,325,0,0|
312,332,0,0|
319,339,0,0|
326,346,0,0|
332,352,0,0|
339,359,0,0|
346,6,0,0|
353,13,0,0|
0,20,0,0|
7,27,0,0|
14,34,0,0|
20,40,0,0|
27,47,0,0|
34,54,0,0|
41,61,0,0|
48,68,0,0|
55,75,0,0|
63,81,0,0|
72,88,0,0|
81,95,0,0|
90,102,0,0|
98,109,0,0|
107,116,0,0|
116,122,0,0|
124,129,0,0|
133,136,0,0|
142,143,0,0|
151,150,1,1|
159,157,0,0|
168,163,0,0|
177,170,0,0|
186,177,0,0|
194,184,0,0|
203,191,0,0|
212,198,0,0|
221,205,0,0|
229,211,0,0|
236,218,0,0|
243,225,0,0|
250,232,0,0|
257,239,0,0|
264,246,0,0|
270,252,0,0|
277,259,0,0|
284,266,0,0|
291,273,0,0|
298,280,0,0|
305,287,0,0|
311,293,0,0|
318,300,0,0|
325,307,0,0|
332,314,0,0|
339,321,0,0|
346,328,0,0|
352,334,0,0|
359,341,0,0|
6,348,0,0|
13,355,0,0|
20,2,0,0|
27,9,0,0|
34,16,0,0|
40,22,0,0|
47,29,0,0|
54,36,0,0|
61,43,0,0|
68,50,0,0|
75,57,0,0|
81,65,0,0|
88,74,0,0|
95,83,0,0|
102,92,0,0|
109,100,0,0|
116,109,0,0|
122,118,0,0|
129,126,0,0|
136,135,1,1|
143,144,0,0|
150,153,0,0|
157,161,0,0|
163,170,0,0|
170,179,0,0|
177,188,0,0|
184,196,0,0|
191,205,0,0|
198,214,0,0|
205,223,0,0|
211,231,0,0|
218,238,0,0|
225,245,0,0|
232,252,0,0|
239,259,0,0|
246,266,0,0|
252,272,0,0|
259,279,0,0|
266,286,0,0|
273,293,0,0|
280,300,0,0|
287,307,0,0|
293,313,0,0|
300,320,0,0|
307,327,0,0|
314,334,0,0|
321,341,0,0|
328,348,0,0|
334,354,0,0|
341,1,0,0|
348,8,0,0|
355,15,0,0|